0.0512109212577 9.19350910187
0.471638530493 6.23518371582
0.55035340786 3.91763782501
0.119766592979 3.93162679672
0.420168876648 3.74712324142
0.382315337658 3.46870470047
0.441365927458 4.28381681442
1.69875752926 2.86740541458
0.143558532 6.34614276886
0.372096568346 3.72808456421
0.626855313778 5.74540805817
0.278147697449 2.67718935013
0.4373010993 3.53951883316
0.281309068203 3.21803665161
1.04405152798 7.12722492218
0.465244472027 4.97230243683
0.318470656872 3.06790661812
0.527358710766 2.46275186539
0.522650241852 2.87507152557
0.431896269321 2.97444152832
1.26180696487 3.21041202545
2.71235466003 1.93325209618
0.454775631428 3.25802206993
1.08164823055 2.82393622398
0.424589782953 4.21449756622
0.480123609304 3.35165309906
0.42005982995 2.59163618088
0.508041858673 2.57167720795
0.380828380585 2.40735149384
0.349063098431 3.02603387833
0.444992333651 4.03233671188
0.907885074615 5.31448125839
0.206766664982 3.21151638031
0.480663925409 2.73651814461
0.397347390652 3.04017448425
0.400602936745 3.20851111412
0.715906322002 1.24286556244
0.389220356941 3.22033643723
0.792449474335 4.38076448441
0.39068198204 3.61673355103
0.733141422272 5.17857837677
0.736414968967 4.2922244072
0.87635576725 4.95770072937
0.397064983845 2.89362740517
0.770318865776 3.88897609711
0.468007564545 4.27022790909
0.577257394791 1.78579831123
0.569123983383 2.57222867012
0.502606093884 4.75189065933
0.45193707943 2.97865319252
0.710287094116 4.00168228149
0.654532492161 4.91585254669
0.428537070751 1.75220763683
0.433237731457 2.02046990395
0.464697778225 2.92106556892
0.486675083637 4.09069776535
1.10355401039 5.31804943085
0.930779457092 4.70864200592
0.478460967541 3.01572418213
0.693989574909 5.04339027405
0.650440096855 2.07655620575
0.725192129612 4.56738948822
0.367654532194 3.5270588398
0.356605291367 2.9663977623
1.00561249256 6.5233039856
0.727152585983 2.64113426208
0.742473185062 3.66842150688
0.519390404224 3.37282276154
0.513149261475 2.02130293846
0.496106892824 2.66013360023
0.405446171761 2.57569622993
0.610825419426 3.36653661728
0.545543909073 3.88558650017
0.60697644949 3.89201974869
0.531035959721 1.97218227386
0.840833723545 0.665177762508
0.495113164186 2.21690940857
0.7819237113 5.18858003616
0.528366267681 1.88463532925
0.588262319565 2.03320503235
0.365041971207 2.83813047409
0.66188120842 1.37709772587
1.2388368845 4.47502565384
0.480681359768 2.42485332489
0.791901230812 3.41249299049
0.549862742424 2.17734098434
1.41481471062 1.12750649452
0.567787885666 3.72576093674
0.920434474945 4.97532892227
0.593560755253 2.12873363495
0.463777005672 2.3670156002
0.448728650808 2.62105727196
0.513595163822 2.22851395607
0.392527997494 2.88711643219
1.23956203461 4.96889162064
0.480116993189 2.21895480156
0.647598564625 3.4528362751
0.399636626244 2.73272895813
0.447976946831 1.95743644238
0.638877093792 3.10648918152
0.553332328796 3.44357395172
0.342307537794 3.03204870224
0.492149293423 4.37627267838
0.469971835613 3.59175634384
0.987075924873 3.95599293709
0.344334483147 2.57136106491
0.566717684269 3.37185907364
0.49887239933 3.99822854996
0.612733900547 4.24572753906
0.456408709288 2.09327602386
0.504027664661 3.3024263382
0.427721977234 2.81557798386
0.428874075413 2.97336745262
0.67743563652 3.26863694191
0.346430391073 3.50244307518
0.400944471359 2.30309987068
0.375661015511 3.66220068932
0.434365153313 2.69491839409
0.906342864037 3.99473047256
1.03459370136 4.18725013733
0.778725802898 2.04197597504
0.70162910223 1.5259834528
0.510672390461 2.13495278358
0.658962130547 4.82197713852
0.452354073524 3.41983985901
0.620250165462 1.88903939724
0.493666648865 2.1478638649
0.776006221771 5.16136074066
0.591649949551 3.20219564438
0.760581314564 1.60540473461
0.591152131557 2.42133784294
0.439567744732 2.47916984558
0.398985624313 2.61804485321
0.543076515198 2.40978169441
0.38962444663 3.10403728485
0.329013645649 3.0872323513
0.359936088324 3.73824620247
0.441256165504 3.50839090347
0.706541717052 3.8432097435
0.558094739914 3.49924302101
0.506429791451 2.90743970871
0.746508479118 1.75396966934
0.443890213966 2.91470766068
0.681264996529 1.68708324432
0.445354163647 2.76468372345
0.408586829901 2.93698358536
0.600714027882 3.98211598396
0.306147783995 3.99867391586
0.397498190403 2.09001207352
0.400109529495 2.61283540726
0.341874659061 2.76585197449
0.290689885616 3.11684560776
0.462291002274 2.56012916565
0.331100672483 2.59149551392
0.377620786428 3.94035315514
0.566044688225 2.27149820328
0.816828489304 1.34952306747
0.473463088274 3.29296779633
0.494729757309 3.89197826385
0.562140524387 3.29655337334
1.38592374325 6.79313278198
0.302619487047 3.2280318737
0.475411593914 1.24625635147
0.688277184963 2.94233465195
0.46784389019 3.91855764389
0.265351712704 2.80470061302
0.626698970795 3.55557322502
0.428792268038 3.26100230217
0.718547701836 3.90485191345
1.49726843834 0.513093173504
0.4681661129 2.44576931
0.559764385223 1.87826085091
1.02990913391 6.03307151794
0.348811268806 2.6926817894
0.379682660103 2.61117434502
0.839205205441 4.36290788651
1.25096297264 5.45528745651
0.359665513039 1.98689889908
0.306742072105 2.9014749527
0.521299779415 3.90275621414
0.456103026867 4.20360183716
0.230305761099 3.12285590172
2.35348081589 1.67467522621
0.688854277134 2.11580824852
0.265485048294 3.35970592499
0.258595168591 1.84158611298
0.218266695738 3.10092759132
0.485054761171 4.11004734039
0.328580290079 3.59645247459
0.313228487968 2.35753583908
0.666840970516 1.87141001225
0.384287148714 2.50415253639
0.432608664036 2.46994709969
0.56142616272 1.82458090782
0.548985958099 4.09566926956
1.10635972023 1.56729710102
0.322698712349 4.01242780685
0.31754848361 2.21890330315
1.36959564686 1.74397945404
0.39101588726 3.30262136459
0.492891818285 4.81447982788
0.388545870781 4.03130102158
0.452620089054 3.58320689201
0.276823341846 3.20532655716
0.356394082308 2.72925233841
0.536709904671 4.47757911682
0.230152562261 2.53369569778
0.410731852055 4.15658950806
0.452137291431 4.41670894623
0.673599600792 4.77938365936
0.218329563737 2.81218028069
0.276211261749 4.35322952271
0.235386744142 3.45534348488
0.644567847252 4.09360980988
0.458904832602 3.67503905296
0.316180050373 4.36747169495
0.477264225483 1.36552000046
0.323785513639 2.80155944824
0.197967603803 3.52648377419
0.29666686058 2.37814378738
0.231740921736 2.7421643734
0.226003795862 3.77638506889
0.359475255013 1.60668897629
0.353251099586 3.62932252884
0.456330567598 4.51623153687
0.347070723772 4.62854194641
0.137222126126 5.5989484787
0.323494762182 3.53666090965
0.270197272301 3.09030413628
1.49575090408 3.82943940163
0.313548654318 2.09689664841
0.435101091862 2.24404931068
0.269698888063 4.8006978035
0.779635310173 5.83220005035
0.335866689682 3.97643661499
0.46125343442 3.17637991905
0.579322993755 4.24351787567
0.235424935818 2.43632888794
0.256284683943 3.94475913048
1.40379226208 5.23520517349
1.13588666916 4.82348823547
0.240732565522 2.30124545097
0.213161960244 2.91975784302
0.408952414989 5.12838315964
0.241494461894 3.72342252731
0.380185633898 3.20759677887
0.303641080856 2.81810903549
0.508510410786 3.83330345154
0.184075176716 2.62078428268
0.228621512651 2.6350312233
0.226013332605 2.89299678802
0.245879799128 2.8618452549
0.844441056252 1.73373043537
0.269913733006 2.80887389183
0.412015885115 1.70822823048
0.557360470295 1.1057779789
0.431238591671 3.76577568054
0.215683147311 3.16788625717
0.350052893162 4.44476652145
0.218793153763 2.40461301804
0.347057193518 3.12558293343
0.29533919692 3.61672735214
0.428433090448 5.99955034256
1.1116117239 3.2771589756
0.737328052521 1.55356407166
0.277806460857 2.65337109566
0.395196020603 2.92605113983
0.285998702049 2.25155949593
0.163256049156 4.29334115982
0.641428053379 4.12265014648
0.178086012602 3.521276474
0.183446899056 2.2430973053
0.267313539982 5.36915493011
0.279439389706 2.02593040466
0.250092834234 4.98495721817
0.273978769779 3.0122551918
1.27849268913 5.2715511322
0.227577894926 3.20671582222
0.260329782963 4.90754365921
0.282688498497 4.10609388351
0.135857999325 3.43743300438
0.169536590576 6.67464208603
0.196130156517 3.87352466583
0.621895253658 1.09964251518
0.201087087393 4.07388877869
0.217636466026 4.61108875275
0.152469322085 3.0812599659
0.21719636023 2.68939638138
0.348379969597 4.47583150864
0.135537430644 3.44394302368
0.195421338081 4.86208534241
0.22871132195 4.05983924866
0.232011720538 2.4133272171
0.818693101406 6.42072725296
0.412315428257 2.91603565216
0.184710964561 3.45747923851
0.203107565641 4.01261281967
0.345098853111 3.21575522423
0.067243129015 3.71979141235
0.215327680111 4.45479011536
0.174543321133 3.31227874756
0.584731817245 5.47249031067
0.460353910923 2.34712457657
0.273649573326 2.47110962868
0.1347694695 4.79350757599
0.290335327387 5.96961259842
2.36659383774 6.37564754486
0.216845855117 2.93379378319
0.192127645016 5.24040603638
1.02882993221 1.29739153385
0.219269663095 3.62268638611
0.324016183615 2.79427099228
0.247743219137 3.67713141441
0.214991778135 2.46860313416
0.323794424534 4.23868083954
0.320717632771 2.10688042641
0.19981995225 3.26485586166
0.388181835413 4.81352329254
0.45193079114 3.37790775299
0.138794332743 2.71796107292
0.165041133761 3.87843179703
0.468295782804 1.8167321682
0.248504415154 3.3156235218
0.198913991451 4.18750667572
1.81763064861 0.113785028458
0.244153022766 2.42642426491
0.209301784635 3.43845677376
0.481612861156 6.04838228226
0.228421226144 1.76419174671
0.0906693339348 4.47155475616
1.35395169258 0.961571514606
0.448191612959 4.42193174362
0.23711207509 2.53449392319
0.337678074837 4.06500816345
0.148844003677 3.75413250923
0.257906556129 4.34937953949
0.150403007865 3.25365233421
0.210230588913 2.72473573685
0.469429582357 3.44849658012
0.445491790771 4.19885349274
0.894073426723 1.49750852585
0.162477165461 3.62552523613
0.16597738862 3.89288210869
0.207277610898 5.12192440033
0.200165420771 3.26318502426
0.288714587688 5.5941529274
0.216882348061 4.46370172501
0.156112164259 3.57444214821
0.11825825274 4.37951946259
0.17656648159 3.46676492691
0.46981972456 2.33517241478
0.168752372265 4.08015489578
0.626371860504 7.52836036682
0.192769348621 3.23613262177
0.2466185987 5.39563751221
0.133171260357 4.38881731033
0.170542165637 3.1689889431
0.232259511948 1.76657688618
0.124866344035 4.23751688004
0.383632063866 7.06318902969
0.387390166521 5.08397388458
0.278597086668 5.09522104263
0.0741612017155 5.31523561478
0.261875331402 5.17244005203
0.432764291763 2.49321079254
0.23713901639 3.31930661201
0.205745875835 2.82617068291
0.252241134644 2.40030956268
0.356577396393 6.66248893738
0.147860512137 3.24440789223
0.129489406943 2.83897733688
0.105991698802 4.31209373474
0.199754685163 4.56327438354
0.184171587229 3.712682724
0.337212920189 2.14771008492
0.140095502138 3.202450037
0.14078950882 5.80607557297
0.317660331726 2.92467522621
0.19006960094 3.31113147736
0.11110355705 3.79544448853
0.169674023986 2.8345181942
0.151685014367 3.92946720123
0.200824245811 3.27049040794
0.20397439599 2.60027170181
0.0785015299916 5.48476743698
0.698724806309 1.62626481056
1.67140781879 0.0700755417347
1.8572281599 0.553978323936
0.163823157549 3.97735977173
0.616712391376 2.2071211338
0.226837053895 5.30241394043
0.146378517151 4.53778362274
0.0927893668413 4.14508771896
0.22175988555 4.73984336853
0.0606163926423 5.40023040771
0.201257586479 5.48254823685
0.155124336481 3.85596752167
0.102976948023 5.78982448578
0.0913101285696 4.56393623352
0.811956167221 4.18950176239
